Anija vald 3171 3082 1954 1835 1905 1779 
Harku vald 7720 7930 5222 5166 5109 5046 
Jıel‰htme vald 3224 3468 2101 2068 2037 2020 
Keila linn 5268 4810 3300 2829 3211 2748 
Kiili vald 2886 3005 1932 1988 1887 1940 
Kose vald 3616 3595 2347 2275 2295 2227 
Kuusalu vald 3197 3224 2134 2135 2101 2085 
Loksa linn 1230 1237 778 669 762 656 
L‰‰ne-Harju vald 6469 6192 3874 3593 3748 3482 
Maardu linn 7839 7445 4023 3773 3868 3619 
Raasiku vald 2578 2560 1650 1566 1612 1537 
Rae vald 10648 11117 6524 6476 6341 6290 
Saku vald 5288 5434 3626 3539 3556 3454 
Saue vald 11912 11878 7950 7427 7758 7243 
Tallinn linn 238672 199669 149630 119697 145480 116012 
Viimsi vald 10803 10348 7282 6851 7128 6688 
Hiiumaa vald 4578 4803 3459 3534 3410 3470 
Alutaguse vald 2315 2367 1464 1455 1419 1417 
Jıhvi vald 6011 5688 3626 3021 3519 2944 
Kohtla-J‰rve linn 17764 14813 9916 7715 9584 7448 
L¸ganuse vald 4321 3898 2595 2270 2515 2191 
Narva linn 29469 23955 15572 12377 14908 11870 
Narva-Jıesuu linn 2213 2266 1267 1326 1225 1270 
Sillam‰e linn 6685 5545 3398 2779 3257 2659 
Toila vald 2350 2253 1574 1413 1525 1386 
J‰rva vald 4331 4506 2756 2711 2712 2646 
Paide linn 5456 4829 3602 2988 3539 2898 
T¸ri vald 5469 5226 3785 3390 3710 3303 
Jıgeva vald 6917 6345 4850 4177 4742 4064 
Mustvee vald 2542 2662 1727 1694 1688 1616 
Pıltsamaa vald 4910 4706 3281 2956 3216 2880 
Haapsalu linn 7002 5881 4667 3596 4579 3501 
L‰‰ne-Nigula vald 3374 3631 2197 2198 2162 2141 
Vormsi vald 165 232 110 187 110 183 
Haljala vald 2005 2292 1430 1516 1410 1481 
Kadrina vald 2392 2399 1644 1568 1604 1533 
Rakvere linn 8165 6819 5440 4230 5328 4130 
Rakvere vald 2833 2786 1844 1725 1800 1689 
Tapa vald 5510 5101 3416 2961 3344 2884 
Vinni vald 3372 3416 2165 2093 2125 2037 
Viru-Nigula vald 2858 2717 1880 1627 1822 1578 
V‰ike-Maarja vald 2874 2863 1804 1706 1766 1669 
H‰‰demeeste vald 2383 2411 1426 1369 1388 1335 
Kihnu vald 343 347 243 260 238 252 
L‰‰neranna vald 2547 2643 1669 1707 1631 1668 
P‰rnu linn 27433 23206 16305 12781 15922 12437 
Pıhja-P‰rnumaa vald 4105 3941 2679 2371 2632 2320 
Saarde vald 2208 2247 1357 1307 1340 1263 
Tori vald 6033 5913 3406 3146 3325 3064 
Kanepi vald 2243 2442 1429 1569 1397 1527 
Pılva vald 6919 6690 4354 3908 4266 3814 
R‰pina vald 3066 3113 1984 1861 1947 1802 
Kehtna vald 2754 2662 1784 1589 1759 1550 
Kohila vald 3562 3760 2217 2190 2170 2141 
M‰rjamaa vald 3640 3734 2323 2254 2262 2178 
Rapla vald 6673 6331 4370 3869 4282 3797 
Muhu vald 899 1020 673 750 660 733 
Ruhnu vald 73 67 59 52 58 52 
Saaremaa vald 15745 15228 10202 9468 10004 9262 
Elva vald 7369 7228 4703 4376 4598 4259 
Kambja vald 5963 6126 4222 4200 4131 4085 
Kastre vald 2637 2793 1841 1901 1808 1855 
Luunja vald 2577 2605 1762 1738 1722 1705 
Nıo vald 2117 2197 1455 1401 1421 1375 
Peipsi‰‰re vald 2597 2734 1764 1767 1725 1704 
Tartu linn 52345 43085 36448 27637 35497 26806 
Tartu vald 5704 5835 3874 3871 3799 3790 
Otep‰‰ vald 3165 3247 2152 2112 2108 2061 
Tırva vald 3069 2995 2048 1850 1999 1794 
Valga vald 8021 7465 4281 3696 4143 3575 
Mulgi vald 3646 3726 2387 2310 2333 2245 
Pıhja-Sakala vald 3877 3995 2568 2454 2526 2389 
Viljandi linn 9343 7532 6363 4715 6256 4607 
Viljandi vald 6735 7023 4389 4363 4288 4255 
Antsla vald 2178 2194 1280 1250 1247 1200 
Rıuge vald 2430 2750 1489 1648 1454 1613 
Setomaa vald 1471 1643 898 995 882 966 
Vıru linn 6360 5173 3810 2792 3702 2699 
Vıru vald 5239 5460 3017 2949 2939 2850 
